c=cat(2,c1(1:6),c2(1:6),c3(1:6),c4(1:6),c5(1:6),...
    c6(1:6),c7(1:6),c8(1:6),c9(1:6),c10(1:6),c11(1:6),c12(1:6),...
    c13(1:6),c14(1:6),c15(1:6),c16(1:6),c17(1:6),c18(1:6),c19(1:6),c20(1:6),...
    c21(1:6),c22(1:6),c23(1:6),c24(1:6),c25(1:6),c26(1:6),c27(1:6),c28(1:6),c29(1:6),c30(1:6),...
    c31(1:6),c32(1:6),c33(1:6),c34(1:6),c35(1:6),c36(1:6),c37(1:6),c38(1:6),c39(1:6),c40(1:6));  %replace at xTrainImages

cTest=cat(2,c1(7:10),c2(7:10),c3(7:10),c4(7:10),c5(7:10),...
    c6(7:10),c7(7:10),c8(7:10),c9(7:10),c10(7:10),c11(7:10),c12(7:10),...
    c13(7:10),c14(7:10),c15(7:10),c16(7:10),c17(7:10),c18(7:10),c19(7:10),c20(7:10),...
    c21(7:10),c22(7:10),c23(7:10),c24(7:10),c25(7:10),c26(7:10),c27(7:10),c28(7:10),c29(7:10),c30(7:10),...
    c31(7:10),c32(7:10),c33(7:10),c34(7:10),c35(7:10),c36(7:10),c37(7:10),c38(7:10),c39(7:10),c40(7:10)); %replace at xTest


tT=[ones(1,6) zeros(1,234);...
    zeros(1,6) ones(1,6) zeros(1,228);...         %replace at tT
    zeros(1,12) ones(1,6) zeros(1,222);...
    zeros(1,18) ones(1,6),zeros(1,216);...
    zeros(1,24) ones(1,6) zeros(1,210);...
    zeros(1,30) ones(1,6) zeros(1,204);...
    zeros(1,36) ones(1,6) zeros(1,198);...
    zeros(1,42) ones(1,6) zeros(1,192);...
    zeros(1,48) ones(1,6) zeros(1,186);...
    zeros(1,54) ones(1,6) zeros(1,180);...
    zeros(1,60) ones(1,6) zeros(1,174);...
    zeros(1,66) ones(1,6) zeros(1,168);...
    zeros(1,72) ones(1,6) zeros(1,162);...
    zeros(1,78) ones(1,6) zeros(1,156);...
    zeros(1,84) ones(1,6) zeros(1,150);...
    zeros(1,90) ones(1,6) zeros(1,144);...
    zeros(1,96) ones(1,6) zeros(1,138);...
    zeros(1,102) ones(1,6) zeros(1,132);...
    zeros(1,108) ones(1,6) zeros(1,126);...
    zeros(1,114) ones(1,6) zeros(1,120);...
    zeros(1,120) ones(1,6) zeros(1,114);...
    zeros(1,126) ones(1,6) zeros(1,108);...
    zeros(1,132) ones(1,6) zeros(1,102);...
    zeros(1,138) ones(1,6) zeros(1,96);...
    zeros(1,144) ones(1,6) zeros(1,90);...
    zeros(1,150) ones(1,6) zeros(1,84);...
    zeros(1,156) ones(1,6) zeros(1,78);...
    zeros(1,162) ones(1,6) zeros(1,72);...
    zeros(1,168) ones(1,6) zeros(1,66);...
    zeros(1,174) ones(1,6) zeros(1,60);...
    zeros(1,180) ones(1,6) zeros(1,54);...
    zeros(1,186) ones(1,6) zeros(1,48);...
    zeros(1,192) ones(1,6) zeros(1,42);...
    zeros(1,198) ones(1,6) zeros(1,36);...
    zeros(1,204) ones(1,6) zeros(1,30);...
    zeros(1,210) ones(1,6) zeros(1,24);...
    zeros(1,216) ones(1,6) zeros(1,18);...
    zeros(1,222) ones(1,6) zeros(1,12);...
    zeros(1,228) ones(1,6) zeros(1,6);...
    zeros(1,234) ones(1,6) ];